# Order 5 
# Topology   [1]
  9  4  6  0  7  8  1  3  2  5
# Symmetry Factor 
 -1.0 
# Loop Bases
  1  0  1  0  0  0  1  0  1  0
  0 -1  0  0  0 -1 -1  1 -1  0
  0  0  0  0  0  1  0  0  0  1
  0  1  1  0  0  1  1  0  1  0
  0  1  0  0  1  0  1  0  0  0
  1  0  0  1  0  0  0  0  1  0
# Ver Loop Bases
  0  1  0  0  0  1 -1  0
 -1 -1 -1  0  1 -1  0 -1
  0  0  0 -1  0  0  1  0
  0  1  1  0  0  1  0  1
  0  0  0  1 -1  0  0  0
  1  0  0  0  0  0 -1  0

# Topology   [2]
  6  9  0  1  7  8  4  3  2  5
# Symmetry Factor 
 -1.0 
# Loop Bases
  1  0  0  1  0  0  0  1  0  0
  0  0  0  0  0 -1 -1  1 -1  0
  0  0  0  0  0  1  0  0  0  1
  1  0  1  0  0  1  1  0  1  0
  0  0  0  0  1  0  1  0  0  0
  0  1  0  1  0  0  0  0  1  0
# Ver Loop Bases
  0 -1  0  0  1  0  0  0
 -1 -1 -1  0  1 -1  0 -1
  0  0  0 -1  0  0  1  0
  0  1  1  0  0  1  0  1
  0  0  0  1 -1  0  0  0
  1  0  0  0  0  0 -1  0

# Topology   [3]
  9  7  6  0  1  8  4  3  2  5
# Symmetry Factor 
 -1.0 
# Loop Bases
  1  0  1  0  1  0  1  0  1  0
  0  0  0  0  0 -1 -1  1 -1  0
  0  0  0  0  0  1  0  0  0  1
  0  0  1  0  0  1  1  0  1  0
  0  1  0  0  1  0  1  0  0  0
  1  0  0  1  0  0  0  0  1  0
# Ver Loop Bases
  0  1  0  1  0  1 -1  0
 -1 -1 -1  0  1 -1  0 -1
  0  0  0 -1  0  0  1  0
  0  1  1  0  0  1  0  1
  0  0  0  1 -1  0  0  0
  1  0  0  0  0  0 -1  0

# Topology   [4]
  6  3  0  9  7  8  4  1  2  5
# Symmetry Factor 
 -1.0 
# Loop Bases
  1  0  0  0  0  0  0  1  0  0
  0  1  0  0  0 -1 -1  1 -1  0
  0  0  0  0  0  1  0  0  0  1
  1  0  1  0  0  1  1  0  1  0
  0  0  0  0  1  0  1  0  0  0
  0  0  0  1  0  0  0  0  1  0
# Ver Loop Bases
  0  0  0  0  1  0  0  0
 -1 -1 -1  0  1 -1  0 -1
  0  0  0 -1  0  0  1  0
  0  1  1  0  0  1  0  1
  0  0  0  1 -1  0  0  0
  1  0  0  0  0  0 -1  0

# Topology   [5]
  6  2  0  9  7  8  4  3  1  5
# Symmetry Factor 
 -1.0 
# Loop Bases
  1  0  0  1  0  0  0  1  1  0
  0 -1  0  0  0 -1 -1  1 -1  0
  0  0  0  0  0  1  0  0  0  1
  1  1  1  0  0  1  1  0  1  0
  0  0  0  0  1  0  1  0  0  0
  0  1  0  1  0  0  0  0  1  0
# Ver Loop Bases
  0 -1  0  0  1  0 -1  0
 -1 -1 -1  0  1 -1  0 -1
  0  0  0 -1  0  0  1  0
  0  1  1  0  0  1  0  1
  0  0  0  1 -1  0  0  0
  1  0  0  0  0  0 -1  0

# Topology   [6]
  6  7  0  9  1  8  4  3  2  5
# Symmetry Factor 
 -1.0 
# Loop Bases
  1  0  0  1  1  0  0  1  0  1
  0  0  0  0  0 -1 -1  1 -1  0
  0  0  0  0  0  1  0  0  0  1
  1  0  1  0  0  1  1  0  1  0
  0  1  0  0  1  0  1  0  0  0
  0  0  0  1  0  0  0  0  1  0
# Ver Loop Bases
  0 -1 -1  0  1  0  0 -1
 -1 -1 -1  0  1 -1  0 -1
  0  0  0 -1  0  0  1  0
  0  1  1  0  0  1  0  1
  0  0  0  1 -1  0  0  0
  1  0  0  0  0  0 -1  0

# Topology   [7]
  6  4  0  9  7  8  1  3  2  5
# Symmetry Factor 
 -1.0 
# Loop Bases
  1  0  0  0  0  0  1  0  0  0
  0 -1  0  0  0 -1 -1  1 -1  0
  0  0  0  0  0  1  0  0  0  1
  1  1  1  0  0  1  1  0  1  0
  0  1  0  0  1  0  1  0  0  0
  0  0  0  1  0  0  0  0  1  0
# Ver Loop Bases
  0  0  0  0  0  1  0  0
 -1 -1 -1  0  1 -1  0 -1
  0  0  0 -1  0  0  1  0
  0  1  1  0  0  1  0  1
  0  0  0  1 -1  0  0  0
  1  0  0  0  0  0 -1  0

